I: [client1 client2 client3 client4  ]
D: [depot0 client1 client2 client3 client4   depotN]
DI: [depot0 client1 client2 client3 client4  ]
DJ: [client1 client2 client3 client4   depotN]
Fe: [cs1 cs2]
V: [depot0 client1 client2 client3 client4   depotN cs1 cs2]

C:[1 2 3 4]

H: [power1 power2]
B: [0 32 36 40] !0 80 90 100
M: [1 2 3 4 5 6 7 8 9 10]

AUX:[1 2 3 4]

b: 40
b1: 36

Q: 40 !kWh. nissan leaf
Qini: 10 !kWh
Tmax: 10.0 !h
s: [0.5 0.5 0.5 0.5]

t: [0	1.80094942	0.855407871	1.434856983	1.882026335	0	1.734330292	2.405336905
1.80094942	0	2.656211882	1.291689059	2.729974233	1.80094942	2.223156343	0.920016474
0.855407871	2.656211882	0	2.13427864	2.007140067	0.855407871	2.103836035	3.230050851
1.434856983	1.291689059	2.13427864	0	1.467241055	1.434856983	0.934314856	1.283659247
1.882026335	2.729974233	2.007140067	1.467241055	0	1.882026335	0.576518918	2.684899672
0	1.80094942	0.855407871	1.434856983	1.882026335	0	1.734330292	2.405336905
1.734330292	2.223156343	2.103836035	0.934314856	0.576518918	1.734330292	0	2.112254793
2.405336905	0.920016474	3.230050851	1.283659247	2.684899672	2.405336905	2.112254793	0
]!in h


e: [0	12.00873073	5.703859681	9.567626365	12.5493516	0	11.56451439	16.03878648
12.00873073	0	17.71162083	8.612982645	18.20346819	12.00873073	14.82400649	6.134669849
5.703859681	17.71162083	0	14.23136997	13.38360997	5.703859681	14.02837868	21.53797907
9.567626365	8.612982645	14.23136997	0	9.783563353	9.567626365	6.230011459	8.559439859
12.5493516	18.20346819	13.38360997	9.783563353	0	12.5493516	3.844228143	17.90291101
0	12.00873073	5.703859681	9.567626365	12.5493516	0	11.56451439	16.03878648
11.56451439	14.82400649	14.02837868	6.230011459	3.844228143	11.56451439	0	14.08451496
16.03878648	6.134669849	21.53797907	8.559439859	17.90291101	16.03878648	14.08451496	0
] !in kWh

g: [4 8 12 16 20 24 28 32 36 40]

Delta: 4

p: [0.49 0.59
    0.49 0.59]!usd per kWh

pDepot: 0.49

a: [0 0.85 0.95 1
	0 0.85 0.95 1]

l: [0	1.55	1.925	2.525 !22 kWh
	0	0.682	0.847	1.111 !50 kWh
]!in h


d:[	0.060198
	0.062229
	0.064025
	0.065710
	0.068276
	0.070702
	0.074808
	0.080032
	0.089202
	0.121303
]

q:[	0.066909976		0.086956522
	0.06828506		0.090121317
	0.070147867		0.092121673
	0.072434875		0.093619078
	0.075226187		0.097646284
	0.078030518		0.102016122
	0.082176899		0.107477907
	0.088231492		0.114926271
	0.098268673		0.127941993
	0.133621787		0.174129353
]
